0
67
0
0
0
2
68
0
12
0
0
7
0
1
1
0
1
0
3
1
27
0
0
16
38
0
22
24
0
0
4
0
4
1
0
3
12
2
0
85
2
0
0
20
84
0
40
1
0
30
1
31
22
5
0
2
1
0
0
1
16
18
1
0
1
0
43
0
0
58
0
1
11
8
66
0
11
27
0
16
4
0
0
0
0
25
93
1
0
2
4
0
0
0
0
0
0
0
43
2
12
69
1
0
2
0
0
1
14
2
12
0
1
25
0
35
2
0
63
0
1
0
29
0
0
11
39
1
1
0
1
0
6
4
2
0
33
11
0
49
0
0
0
0
9
65
0
65
3
0
4
2
28
0
0
0
0
10
0
0
1
76
31
0
0
6
0
0
5
0
0
0
0
0
0
0
1
1
0
1
14
35
0
0
35
0
0
0
38
0
0
74
6
20
2
0
0
0
4
0
72
20
0
52
3
33
0
0
0
16
1
0
0
0
0
1
25
4
0
0
0
1
0
0
0
10
33
0
0
0
49
2
1
0
0
0
2
5
3
0
0
0
0
19
25
0
0
3
0
5
28
1
0
0
2
22
3
0
0
0
14
0
0
15
0
0
10
2
0
6
2
0
4
37
1
10
0
7
45
0
5
6
3
0
0
116
10
0
1
15
6
71
0
0
7
0
13
0
0
0
3
0
0
4
9
1
80
5
0
0
0
0
2
0
2
1
1
13
2
2
5
32
0
0
0
8
0
1
8
0
49
0
1
0
4
0
0
0
0
4
0
0
3
27
33
0
0
24
4
1
0
0
0
0
0
39
1
0
0
3
0
1
0
1
19
0
21
46
0
0
1
3
0
0
49
84
0
29
59
2
3
3
0
0
88
0
0
0
0
0
0
0
0
0
0
4
0
0
0
47
0
0
10
0
0
36
35
0
1
0
3
52
29
0
0
1
2
0
0
0
1
0
3
18
0
4
0
0
22
8
0
0
1
1
1
0
9
74
5
0
4
40
1
1
0
57
7
0
1
6
47
9
0
9
1
18
1
4
0
0
31
34
37
0
0
0
12
7
0
2
0
1
0
1
0
0
6
20
0
0
0
1
0
0
34
0
5
8
0
0
32
35
0
0
39
1
0
0
0
0
0
40
0
0
23
0
0
23
127
1
0
0
0
10
0
0
0
0
0
0
0
0
40
2
0
0
0
0
10
20
2
0
73
0
84
8
11
28
19
0
48
0
0
1
0
5
23
0
0
0
2
0
70
1
23
0
10
0
30
3
0
0
0
18
0
4
2
0
78
4
2
21
34
2
0
7
0
5
0
0
97
2
1
0
23
0
27
0
3
12
7
29
0
53
0
0
13
0
0
0
2
6
45
0
0
0
4
0
0
0
0
7
12
3
0
0
0
0
0
2
1
0
0
36
7
0
0
0
13
14
30
0
36
0
1
0
0
28
0
0
0
15
4
0
45
0
2
2
12
2
10
0
0
2
0
25
0
0
0
16
26
8
3
30
0
1
0
8
0
0
2
0
0
1
2
50
27
0
0
0
0
0
0
0
35
0
1
3
2
0
44
4
0
0
0
0
0
78
0
6
0
0
0
0
9
0
13
10
89
0
2
61
0
1
0
0
0
0
1
3
0
0
7
0
0
45
0
0
0
0
32
6
0
17
1
26
13
52
1
6
12
0
1
0
2
68
2
22
0
0
0
7
0
0
0
0
0
7
17
0
25
1
0
23
1
0
99
0
0
53
1
0
2
18
1
0
60
52
1
35
83
0
0
2
0
59
29
0
60
65
95
0
12
0
0
41
38
0
0
33
0
2
0
28
23
0
0
0
15
37
0
4
36
0
0
0
4
9
0
0
14
0
0
0
0
0
0
18
19
0
40
72
0
0
0
47
59
2
0
53
23
1
0
5
1
23
2
11
34
0
42
0
0
64
0
57
3
0
29
0
27